[gd_scene load_steps=7 format=3 uid="uid://d3l7dwjff10l3"]

[ext_resource type="Script" uid="uid://ct0klyjd6wtmi" path="res://main.gd" id="1_h2yge"]
[ext_resource type="PackedScene" uid="uid://c7gckhdb1qr1l" path="res://player.tscn" id="1_ig7tw"]
[ext_resource type="PackedScene" uid="uid://3ofau3e2i0v1" path="res://badguy.tscn" id="2_0xm2m"]
[ext_resource type="PackedScene" uid="uid://bq7p0eturks05" path="res://badguy_explosion_vfx.tscn" id="2_1bvp3"]

[sub_resource type="Environment" id="Environment_ig7tw"]
background_mode = 1
ambient_light_source = 1

[sub_resource type="StandardMaterial3D" id="StandardMaterial3D_0xm2m"]
albedo_color = Color(0, 0, 0, 1)

[node name="Main" type="Node3D"]
script = ExtResource("1_h2yge")
death_particles = ExtResource("2_1bvp3")

[node name="WorldEnvironment" type="WorldEnvironment" parent="."]
environment = SubResource("Environment_ig7tw")

[node name="Player" parent="." instance=ExtResource("1_ig7tw")]

[node name="DirectionalLight3D" type="DirectionalLight3D" parent="."]
transform = Transform3D(0.70710665, -0.61237234, 0.35355335, 0, 0.49999988, 0.86602545, -0.70710665, -0.6123725, 0.3535534, 0, 10, 0)
shadow_enabled = true

[node name="Camera3D" type="Camera3D" parent="."]
transform = Transform3D(1, 0, 0, 0, 0.7071068, 0.7071068, 0, -0.7071068, 0.7071068, 0, 10.5, 11.5)

[node name="Badguy" parent="." instance=ExtResource("2_0xm2m")]
transform = Transform3D(1, 0, 0, 0, 1, 0, 0, 0, 1, -5, 0, 3)

[node name="Badguy2" parent="." instance=ExtResource("2_0xm2m")]
transform = Transform3D(1, 0, 0, 0, 1, 0, 0, 0, 1, 0, 0, 5)

[node name="Badguy3" parent="." instance=ExtResource("2_0xm2m")]
transform = Transform3D(1, 0, 0, 0, 1, 0, 0, 0, 1, 5, 0, -3)

[node name="Badguy4" parent="." instance=ExtResource("2_0xm2m")]
transform = Transform3D(1, 0, 0, 0, 1, 0, 0, 0, 1, 5, 0, 3)

[node name="Badguy5" parent="." instance=ExtResource("2_0xm2m")]
transform = Transform3D(1, 0, 0, 0, 1, 0, 0, 0, 1, 3, 0, 6)

[node name="CSGBox3D" type="CSGBox3D" parent="."]
transform = Transform3D(0.8660254, 0, -0.5, 0, 1, 0, 0.5, 0, 0.8660254, -16, 1, -9.5)
size = Vector3(1, 2, 21)

[node name="CSGBox3D3" type="CSGBox3D" parent="."]
transform = Transform3D(-4.371139e-08, 0, -1, 0, 1, 0, 1, 0, -4.371139e-08, 0, 1, -17.5)
size = Vector3(1, 2, 22)

[node name="CSGBox3D5" type="CSGBox3D" parent="."]
transform = Transform3D(-4.371139e-08, 0, -1, 0, 1, 0, 1, 0, -4.371139e-08, 0, 1, 10)
size = Vector3(1, 2, 22)

[node name="CSGBox3D7" type="CSGBox3D" parent="."]
transform = Transform3D(0.7071067, 0, -0.7071068, 0, 1, 0, 0.7071068, 0, 0.7071067, 14.383884, 1, 6.1161165)
size = Vector3(1, 2, 10.5)

[node name="CSGBox3D6" type="CSGBox3D" parent="."]
transform = Transform3D(-0.7071068, 0, -0.7071067, 0, 1, 0, 0.7071067, 0, -0.7071068, -16.201904, 1, 5.298097)
size = Vector3(1, 2, 15.5)

[node name="CSGBox3D4" type="CSGBox3D" parent="."]
transform = Transform3D(-0.9659258, 0, -0.25881892, 0, 1, 0, 0.25881892, 0, -0.9659258, 14.5, 1, -7.25)
size = Vector3(1, 2, 21.5)

[node name="Ground" type="CSGBox3D" parent="."]
transform = Transform3D(1, 0, 0, 0, 1, 0, 0, 0, 1, -2.5, -0.5, -4.25)
use_collision = true
size = Vector3(200, 1, 150)
material = SubResource("StandardMaterial3D_0xm2m")
