[gd_scene load_steps=7 format=3 uid="uid://d3l7dwjff10l3"]

[ext_resource type="Script" uid="uid://ct0klyjd6wtmi" path="res://main.gd" id="1_h2yge"]
[ext_resource type="PackedScene" uid="uid://c7gckhdb1qr1l" path="res://player.tscn" id="1_ig7tw"]
[ext_resource type="PackedScene" uid="uid://3ofau3e2i0v1" path="res://badguy.tscn" id="2_0xm2m"]
[ext_resource type="PackedScene" uid="uid://bq7p0eturks05" path="res://badguy_explosion_vfx.tscn" id="2_1bvp3"]

[sub_resource type="Environment" id="Environment_ig7tw"]
background_mode = 1
ambient_light_source = 1

[sub_resource type="StandardMaterial3D" id="StandardMaterial3D_1bvp3"]
albedo_color = Color(0, 0, 0, 1)

[node name="Main" type="Node3D"]
script = ExtResource("1_h2yge")
death_particles = ExtResource("2_1bvp3")

[node name="WorldEnvironment" type="WorldEnvironment" parent="."]
environment = SubResource("Environment_ig7tw")

[node name="Player" parent="." instance=ExtResource("1_ig7tw")]
transform = Transform3D(1, 0, 0, 0, 1, 0, 0, 0, 1, 0, 0, 8)

[node name="DirectionalLight3D" type="DirectionalLight3D" parent="."]
transform = Transform3D(0.70710665, -0.61237234, 0.35355335, 0, 0.49999988, 0.86602545, -0.70710665, -0.6123725, 0.3535534, 0, 10, 0)
shadow_enabled = true

[node name="Camera3D" type="Camera3D" parent="."]
transform = Transform3D(1, 0, 0, 0, 0.7071068, 0.7071068, 0, -0.7071068, 0.7071068, 0, 10.5, 26.5)

[node name="Badguy" parent="." instance=ExtResource("2_0xm2m")]
transform = Transform3D(1, 0, 0, 0, 1, 0, 0, 0, 1, -13.5, 0, -6)

[node name="Badguy6" parent="." instance=ExtResource("2_0xm2m")]
transform = Transform3D(1, 0, 0, 0, 1, 0, 0, 0, 1, -8, 0, -9)

[node name="Badguy7" parent="." instance=ExtResource("2_0xm2m")]
transform = Transform3D(1, 0, 0, 0, 1, 0, 0, 0, 1, -13.5, 0, 1.5)

[node name="Badguy2" parent="." instance=ExtResource("2_0xm2m")]
transform = Transform3D(1, 0, 0, 0, 1, 0, 0, 0, 1, -3, 0, 18.5)

[node name="Badguy3" parent="." instance=ExtResource("2_0xm2m")]
transform = Transform3D(1, 0, 0, 0, 1, 0, 0, 0, 1, 5, 0, -3)

[node name="Badguy8" parent="." instance=ExtResource("2_0xm2m")]
transform = Transform3D(1, 0, 0, 0, 1, 0, 0, 0, 1, 11.5, 0, -5)

[node name="Badguy9" parent="." instance=ExtResource("2_0xm2m")]
transform = Transform3D(1, 0, 0, 0, 1, 0, 0, 0, 1, 11.5, 0, 3.5)

[node name="Badguy12" parent="." instance=ExtResource("2_0xm2m")]
transform = Transform3D(1, 0, 0, 0, 1, 0, 0, 0, 1, 9, 0, -1)

[node name="Badguy10" parent="." instance=ExtResource("2_0xm2m")]
transform = Transform3D(1, 0, 0, 0, 1, 0, 0, 0, 1, -6.5, 0, 10)

[node name="Badguy11" parent="." instance=ExtResource("2_0xm2m")]
transform = Transform3D(1, 0, 0, 0, 1, 0, 0, 0, 1, -9.5, 0, 12)

[node name="Badguy4" parent="." instance=ExtResource("2_0xm2m")]
transform = Transform3D(1, 0, 0, 0, 1, 0, 0, 0, 1, 1.5, 0, 21.5)

[node name="Badguy5" parent="." instance=ExtResource("2_0xm2m")]
transform = Transform3D(1, 0, 0, 0, 1, 0, 0, 0, 1, 2, 0, 15.5)

[node name="Badguy13" parent="." instance=ExtResource("2_0xm2m")]
transform = Transform3D(1, 0, 0, 0, 1, 0, 0, 0, 1, 11, 0, 15.5)

[node name="Badguy14" parent="." instance=ExtResource("2_0xm2m")]
transform = Transform3D(1, 0, 0, 0, 1, 0, 0, 0, 1, 13, 0, 17)

[node name="CSGBox3D7" type="CSGBox3D" parent="."]
transform = Transform3D(0.96592563, 0, -0.25881913, 0, 1, 0, 0.25881913, 0, 0.96592563, 16.883884, 1, 6.6161165)
size = Vector3(1, 2, 10.5)

[node name="CSGBox3D6" type="CSGBox3D" parent="."]
transform = Transform3D(-0.9659257, 0, 0.25881904, 0, 1, 0, -0.25881904, 0, -0.9659257, -18.925447, 1, 0.90032005)
size = Vector3(1, 2, 9.5)

[node name="CSGBox3D4" type="CSGBox3D" parent="."]
transform = Transform3D(0.5000001, 0, 0.8660254, 0, 1, 0, -0.8660254, 0, 0.5000001, -15.773051, 1, 12.873303)
size = Vector3(1, 2, 3)

[node name="CSGBox3D5" type="CSGBox3D" parent="."]
transform = Transform3D(-0.7071067, 0, 0.7071068, 0, 1, 0, -0.7071068, 0, -0.7071067, -4.0729103, 3.5, -12.863404)
size = Vector3(1, 7, 3.5)

[node name="CSGBox3D13" type="CSGBox3D" parent="."]
transform = Transform3D(0.7071069, 0, 0.70710665, 0, 1, 0, -0.70710665, 0, 0.7071069, 0.9270897, 1.5, -10.363404)
size = Vector3(1, 3, 3.5)

[node name="CSGBox3D8" type="CSGBox3D" parent="."]
transform = Transform3D(-0.25881892, 0, 0.9659259, 0, 1, 0, -0.9659259, 0, -0.25881892, -7.589947, 0.5, 19.507187)
size = Vector3(1, 1, 4.5)

[node name="CSGBox3D10" type="CSGBox3D" parent="."]
transform = Transform3D(0.9659259, 0, 0.2588189, 0, 1, 0, -0.2588189, 0, 0.9659259, 6.444127, 1, 11.2660055)
size = Vector3(1, 2, 2.5)

[node name="CSGBox3D11" type="CSGBox3D" parent="."]
transform = Transform3D(-0.25881928, 0, -0.9659258, 0, 1, 0, 0.9659258, 0, -0.25881928, 7.444127, 1, 19.766006)
size = Vector3(1, 2, 2.5)

[node name="CSGBox3D9" type="CSGBox3D" parent="."]
transform = Transform3D(0.2588191, 0, 0.96592563, 0, 1, 0, -0.96592563, 0, 0.2588191, 8.861263, 1.75, -12.122223)
size = Vector3(1, 3.5, 1.5)

[node name="CSGBox3D12" type="CSGBox3D" parent="."]
transform = Transform3D(0.2588191, 0, 0.96592563, 0, 1, 0, -0.96592563, 0, 0.2588191, 5.6027446, 2.25, -15.057518)
size = Vector3(1, 4.5, 2)

[node name="Ground" type="CSGCylinder3D" parent="."]
transform = Transform3D(1, 0, 0, 0, 1, 0, 0, 0, 1, 0, -0.5, 0)
use_collision = true
radius = 25.0
height = 1.0
sides = 20
material = SubResource("StandardMaterial3D_1bvp3")

[node name="Archway" type="CSGCombiner3D" parent="."]
transform = Transform3D(1, 0, 0, 0, 1, 0, 0, 0, 1, 0, 2.5, 5)

[node name="CSGBox3D" type="CSGBox3D" parent="Archway"]
size = Vector3(5, 5, 1)

[node name="CSGBox3D2" type="CSGBox3D" parent="Archway"]
transform = Transform3D(1, 0, 0, 0, 1, 0, 0, 0, 1, 0, -0.5, 0)
operation = 2
size = Vector3(4, 4.5, 1)
